0,0.19,1.36,13.7,0,71.24,1.52614,13.44,0.1,?,Class_2
3.85,0.52,1.25,13.33,0,72.78,1.51811,8.12,0,?,Class_1
3.39,0.52,1.28,13.41,0,72.64,1.51655,8.65,0,?,Class_1
3.57,0.62,1.35,12.81,0,73.02,1.51751,8.59,0,?,Class_1
0,0,2.25,15.15,0.63,73.5,1.51508,8.34,0,?,Class_2
1.85,0.6,1.86,12.73,0,72.69,1.51915,10.09,0,?,Class_1
3.75,0.03,0.29,14.77,0,72.02,1.51966,9,0,?,Class_1
3.76,0.58,1.32,13.25,0,72.4,1.51844,8.42,0,?,Class_1
0,0,0.77,11.23,0,73.21,1.52664,14.68,0,?,Class_1
3.86,0.23,0.88,13.51,0,71.79,1.52172,9.54,0.11,?,Class_1
0,0,2.38,14.85,0.64,73.28,1.51602,8.76,0.09,?,Class_2
0,6.21,3.02,13,0,70.7,1.51321,6.93,0,?,Class_2
0,0,0.75,11.02,0,73.08,1.52739,14.96,0,?,Class_1
3.82,0.11,0.47,14.21,0,71.77,1.52213,9.57,0,?,Class_1
3.5,0.56,1.14,12.84,0,73.27,1.51747,8.55,0,?,Class_1
3.67,0.62,1.24,12.85,0,72.57,1.51839,8.68,0.35,?,Class_1
3.55,0.68,1.25,13.41,0,72.81,1.51646,8.1,0,?,Class_1
0,0.05,2.51,15.01,0.53,73.05,1.51609,8.83,0,?,Class_2
3.61,0.56,1.26,12.94,0,72.75,1.51667,8.6,0,?,Class_1
3.41,0.07,1.58,13.12,0,73.26,1.51588,8.39,0.19,?,Class_1
3.7,0.02,0.71,13.99,0,71.57,1.52667,9.82,0.1,?,Class_1
0,1.41,1.82,14.39,2.88,72.86,1.51831,6.47,0,?,Class_2
3.58,0.56,1.37,14.04,0,72.08,1.51918,8.3,0,?,Class_1
1.78,0,1.79,13.88,0.76,73.1,1.51613,8.67,0,?,Class_2
3.85,0.15,0.89,14.36,0,71.36,1.52196,9.15,0,?,Class_1
3.48,0.6,1.29,12.87,0,72.95,1.51824,8.43,0,?,Class_1
1.71,0.58,1.56,11.03,0,73.44,1.52151,11.62,0,?,Class_2
0,0,0.56,14.56,0,73.48,1.51969,11.22,0,?,Class_1
3.5,0.6,1.48,13.01,0,72.89,1.51618,8.12,0,?,Class_1
3.49,0.67,1.52,13.4,0,72.65,1.51645,8.08,0.1,?,Class_1
3.36,0.57,1.63,13.5,0,71.94,1.51796,8.81,0.09,?,Class_1
0,0.1,1,14.43,0,72.67,1.52222,11.52,0.08,?,Class_2
3.54,0.57,1.34,12.69,0,72.95,1.51783,8.75,0,?,Class_1
0,0,2.08,14.23,1.67,73.36,1.51711,8.62,0,?,Class_2
3.62,0.59,1.29,12.78,0,72.79,1.51736,8.7,0,?,Class_1
2.87,0.55,1.19,13.43,0,72.84,1.51808,9.03,0,?,Class_1
3.57,0.56,1.38,13.24,0,72.7,1.5167,8.44,0.1,?,Class_1
0,0.33,1.4,13.38,0,72.25,1.52043,12.5,0,?,Class_2
3.48,0.55,1.35,13.49,0,71.95,1.519,9,0,?,Class_1
2.81,0.51,1.29,13.21,0,72.98,1.51778,9.02,0.09,?,Class_1
2.39,0,1.56,14,0,72.37,1.51905,9.57,0,?,Class_2
0,0.04,2.66,14.38,0.64,73.1,1.51531,9.08,0,?,Class_2
0,0,2.09,14.15,0,72.74,1.51916,10.88,0,?,Class_2
3.62,0.64,1.06,13.02,0,72.34,1.51841,9.13,0.15,?,Class_1
3.58,0.69,1.51,13.02,0,73.12,1.5159,7.96,0,?,Class_1
3.45,0.61,1.43,13.25,0,73.17,1.51593,7.86,0,?,Class_1
3.48,0.63,1.87,12.55,0,73.23,1.5164,8.08,0.09,?,Class_1
3.54,0.64,1.62,12.93,0,72.96,1.51663,8.03,0.21,?,Class_1
3.54,0.68,1.61,13.33,0,72.54,1.5169,8.11,0,?,Class_1
3.37,0.57,1.18,13.19,0,72.72,1.51869,8.83,0.16,?,Class_1
3.41,0.58,1.52,13.53,0,72.04,1.51776,8.79,0,?,Class_1
3.48,0.61,1.23,12.85,0.09,72.97,1.51775,8.56,0.22,?,Class_1
3.43,0.51,1.43,13.36,0,72.26,1.5186,8.6,0,?,Class_1
3.5,0.5,1.15,13.38,0,72.85,1.5172,8.43,0,?,Class_1
0,0.04,2.79,14.2,0.4,73.46,1.51623,9.04,0.09,?,Class_2
3.55,0.39,1.54,13.53,0,72.99,1.51618,7.78,0,?,Class_1
3.54,0.58,1.23,12.81,0,73.24,1.51761,8.39,0,?,Class_1
3.4,0.59,1.22,13.42,0,72.69,1.5161,8.32,0,?,Class_1
3.52,0.69,2.12,12.86,0,72.66,1.51592,7.97,0,?,Class_1
3.52,0.37,1.25,13.92,0,72.88,1.51613,7.94,0.14,?,Class_1
2.88,0.73,1.71,12.67,0,73.21,1.51689,8.54,0,?,Class_1
2.19,0,1.66,14.09,0,72.67,1.51852,9.32,0,?,Class_2