0.2 0.2 1.6300001 
0.8380668 0.6144285 3.62 
-0.8398602 0.7605896 5.2 
-0.8295393 -0.7038326 5.22 
0.29500222 0.951041 0.96000004 
0.56024146 -0.93129826 2.9499998 
0.90535593 0.5388799 3.54 
0.2865832 -0.30117798 2.9499998 
0.2865832 -0.30117798 2.9499998 
-0.017708778 0.81730103 5.2 
0.5280485 -0.17951155 2.78 
0.12817955 0.11924863 3.62 
0.192832 -0.59124994 1.12 
0.36138916 -0.5734811 2.9499998 
-0.7229104 0.34253597 5.2 
-0.27430773 0.75150466 5.2 
0.14665008 -0.6662166 1.12 
0.29824734 -0.65385866 1.12 
0.8047712 0.021216154 1.69 
0.32435584 -0.79951 1.12 
0.6631243 0.34418893 3.54 
0.3941965 -0.6815524 2.9499998 
0.42939734 0.43735266 1.19 
-0.25261545 0.70504594 5.2 
-0.88724375 -0.46808386 5.16 
0.6255002 0.975554 2.58 
-0.38855124 -0.3251803 5.22 
0.5280876 -0.31909013 2.78 
0.20950174 0.9071274 2.4 
0.040196896 -0.4049337 1.12 
-0.4387064 -0.64767504 5.22 
0.84486556 0.13615799 1.69 
-0.8423598 0.2895732 5.2 
0.30770493 0.7119837 0.96000004 
-0.9989071 0.9245727 5.2 
-0.10064459 -0.46507144 5.3800006 
-0.7195883 -0.92910004 5.22 
-0.9272027 0.7829106 5.2 
0.6864774 -0.7547934 2.9499998 
-0.97137 0.67070055 5.2 
0.41447186 0.06592107 1.69 
0.82878876 -0.99339724 2.9499998 
0.10460329 0.9550128 0.9 
-0.18275356 0.6295047 5.2 
-0.7053268 0.9551897 5.2 
-0.06502533 0.7847991 5.2 
-0.8610685 -0.96880174 5.22 
0.8349588 0.67009044 3.62 
0.519187 -0.26271462 2.78 
-0.28137183 0.85627556 5.2 
0.08509612 0.31165934 0.96000004 
-0.20771503 -0.29720116 5.22 
-0.37377548 0.4082415 5.2 
-0.5447469 0.8711927 5.2 
0.55360675 0.7219658 1.19 
0.55360675 0.7219658 1.19 
-0.57285 0.24151492 5.2 
0.1291585 0.022387505 1.69 
0.1291585 0.022387505 1.69 
0.2646451 0.907881 0.96000004 
0.56145287 -0.71720314 2.9499998 
-0.66327906 0.5518973 5.2 
0.26923537 0.7423363 0.96000004 
-0.88411427 -0.637059 5.22 
0.12691927 0.99067736 2.73 
0.58016586 0.36375022 3.54 
0.38610482 0.44034982 1.19 
0.56765866 0.16580749 1.69 
0.50906205 0.82893777 2.58 
0.5431943 -0.9314511 2.9499998 
0.87047625 0.54797554 3.54 
0.8621769 0.29845095 1.69 
0.120702505 -0.17347527 2.9499998 
-0.15727925 0.56072617 5.2 
0.96838975 0.9084575 3.62 
0.09823632 -0.9908509 1.12 
0.09823632 -0.9908509 1.12 
-0.21418 -0.17074347 5.22 
-0.21119308 0.60406184 5.2 
0.5473559 -0.51966333 2.9499998 
-0.03604865 -0.6268091 4.94 
0.4911008 0.65229344 1.19 
-0.86193275 -0.13853788 5.16 
0.5998013 0.7866745 1.19 
-0.7491584 0.15029263 5.2 
-0.1436615 -0.66032624 5.3800006 
-0.36736107 0.30622935 5.2 
-0.98168516 -0.5643294 5.16 
0.54354334 0.11516309 1.69 
-0.81318665 -0.39009857 5.16 
0.48970842 -0.83243966 2.9499998 
-0.47751403 -0.29952216 5.16 
-0.54368734 0.70978665 5.2 
-0.31490993 0.22135592 5.2 
-0.27577448 0.4638238 5.2 
-0.40590405 0.34780693 5.2 
-0.279912 -0.9976611 5.3 
0.3276801 -0.32521272 2.9499998 
-0.23887038 0.04271722 5.2 
-0.6478152 0.69163084 5.2 
0.6077714 -0.58937216 2.9499998 
0.463027 -0.35637403 2.9499998 
-0.15373588 0.4976895 5.2 
-0.30228472 -0.26536703 5.22 
0.13424253 -0.28980207 1.12 
-0.30180478 0.8962414 5.2 
-0.7902651 0.5505767 5.2 
0.62724733 -0.4242623 2.9499998 
-0.6902454 -0.05179572 5.16 
0.65454984 -0.66817236 2.9499998 
0.8682859 -0.23868752 2.78 
0.591697 0.2106967 1.69 
-0.83066654 -0.07161927 5.16 
0.9904225 0.14002228 1.69 
-0.6324477 -0.43678355 5.22 
0.019138813 -0.30746198 2.97 
0.54321265 0.23585248 1.69 
-0.07708192 0.77037716 5.2 
-0.2886064 0.49122596 5.2 
0.43282747 0.6024599 2.58 
-0.15469098 0.88518834 5.2 
-0.4150808 0.40337658 5.2 
-0.4526415 -0.5351007 5.22 
-0.4189582 -0.62200546 5.22 
-0.39263296 0.5085459 5.2 
0.36362243 -0.0071167946 2.78 
0.029062033 -0.23148084 1.12 
0.7210779 -0.04384756 2.78 
0.7210779 -0.04384756 2.78 
-0.47103643 -0.03354454 5.16 
0.9273472 0.59479 3.54 
0.9273472 0.59479 3.54 
0.5848272 -0.23505926 2.78 
-0.9411855 0.72165036 5.2 
-0.32523394 -0.51919484 5.22 
-0.8598223 0.8199725 5.2 
-0.14693475 -0.15489745 5.22 
-0.004763603 0.013843536 5.2 
-0.95451903 0.6067314 5.2 
0.8390796 -0.39541888 2.78 
0.5332432 0.47298074 3.62 
-0.8341758 0.56079984 5.2 
-0.55541325 0.024861336 5.2 
-0.516366 0.48421383 5.2 
0.77667975 -0.8636923 2.9499998 
-0.59051013 0.5473416 5.2 
-0.59672356 0.10136962 5.2 
-0.4234774 0.51391673 5.2 
0.66115093 -0.2658651 2.78 
-0.7318003 0.0901072 5.2 
-0.8499739 -0.46580362 5.16 
0.9993582 0.4288187 1.69 
0.22232509 -0.41583753 2.9499998 
0.62305784 -0.072814226 2.78 
0.83947015 -0.59385467 2.9499998 
-0.61576223 0.29181767 5.2 
0.6854105 0.32445097 1.69 
0.39722657 0.9711089 0.96000004 
-0.45172787 0.0047416687 5.2 
-0.8599644 -0.2973857 5.16 
-0.1298616 0.22186661 5.2 
0.20471764 -0.088581085 2.78 
-0.78335977 -0.6669245 5.22 
-0.2937765 0.9902139 5.2 
0.99290895 -0.73629904 2.9499998 
-0.9668424 -0.70563555 5.22 
0.47512913 0.9488704 2.58 
0.76614237 0.08142352 1.69 
-0.37757444 0.5716207 5.2 
0.0986433 -0.49553013 1.12 
0.55935454 -0.230268 2.78 
0.12579489 0.08155465 3.54 
0.67706585 -0.2446053 2.78 
-0.89336157 -0.31790447 5.16 
0.70911 0.24428129 1.69 
0.48778725 -0.8552587 2.9499998 
-0.053043604 -0.18991256 5.3 
0.2856753 -0.31336308 2.9499998 
0.59728074 0.72935057 1.19 
0.6247368 0.1362915 1.69 
-0.13578868 0.556504 5.2 
0.63377166 0.560122 3.62 
-0.08552766 -0.30429745 5.3 
0.8281009 0.56955624 3.62 
-0.9957223 -0.119359255 5.16 
-0.5289409 0.95855594 5.2 
0.47532225 0.98292184 0.96000004 
0.13227677 -0.077754974 2.78 
0.40946507 -0.9095068 1.12 
-0.7631867 0.8670993 5.2 
0.072294 -0.21483922 1.12 
-0.734339 0.4127438 5.2 
-0.21006155 0.46371102 5.2 
-0.32670426 0.74497056 5.2 
0.34114122 -0.8035712 1.12 
0.34114122 -0.8035712 1.12 
0.018727064 -0.27384067 2.97 
-0.91884446 0.56542087 5.2 
-0.34005308 0.25555348 5.2 
0.4871409 -0.9315851 2.9499998 
0.7006092 0.86550975 1.19 
-0.620414 -0.85276103 5.22 
-0.14282322 0.035300255 5.2 
-0.73686814 -0.24096203 5.16 
0.66029406 -0.104076385 2.78 
0.66029406 -0.104076385 2.78 
0.68643475 0.8639245 1.19 
0.68643475 0.8639245 1.19 
-0.048576117 -0.097412825 5.3 
0.8498087 0.8538084 1.19 
0.8498087 0.8538084 1.19 
-0.12135911 0.07293558 5.2 
-0.35198927 0.641242 5.2 
-0.7019377 -0.67308426 5.22 
-0.17643452 -0.5653553 5.3 
0.6505225 0.43745565 3.62 
0.66971064 0.22663069 1.69 
0.66590047 -0.048962355 2.78 
0.66590047 -0.048962355 2.78 
0.028515339 -0.26500964 1.12 
0.028515339 -0.26500964 1.12 
0.21309137 0.3684082 2.58 
0.8374176 0.6910031 3.62 
-0.92563105 -0.6760442 5.22 
0.47692084 0.40472984 3.62 
-0.9026718 -0.834527 5.22 
0.619509 0.7823765 1.19 
-0.13130474 0.34161472 5.2 
0.74237704 0.08150172 1.69 
0.58827066 0.61816144 1.19 
0.58827066 0.61816144 1.19 
0.049741507 -0.3103094 1.12 
0.049741507 -0.3103094 1.12 
-0.9033375 0.8853266 5.2 
0.6132889 0.81587124 1.19 
0.6158669 0.9394994 2.58 
-0.60774994 0.7386334 5.2 
-0.680089 0.43522263 5.2 
-0.17329264 0.8653836 5.2 
-0.40654278 0.099546194 5.2 
-0.19304943 -0.69363666 5.3 
-0.6706474 -0.5554085 5.22 
0.21186423 0.24335384 1.19 
0.16519523 -0.34357548 1.12 
-0.7750945 0.32873726 5.2 
-0.34523654 0.5689392 5.2 
-0.43608117 -0.9122474 5.3 
0.9412379 0.68430567 3.62 
-0.34042573 -0.15208793 5.16 
0.6557181 0.6153009 3.62 
0.2166369 -0.57577085 1.12 
0.2166369 -0.57577085 1.12 
0.058454514 0.7098093 2.6799998 
-0.49463463 0.1531775 5.2 
0.3652532 -0.3579054 2.9499998 
-0.23608994 -0.6284287 5.3 
-0.9847388 0.9462292 5.2 
-0.7845702 -0.90013814 5.22 
0.52356267 -0.23899412 2.78 
0.79925275 0.12841344 1.69 
0.2819705 0.58608794 0.96000004 
-0.63315725 0.03476858 5.2 
-0.57910275 -0.75814366 5.22 
-0.32344198 0.3475325 5.2 
-0.8075254 -0.5153625 5.16 
0.05128026 -0.6348977 2.97 
-0.7679932 -0.4828329 5.16 
0.7759371 0.09495473 1.69 
0.43599105 -0.8144944 2.9499998 
0.43599105 -0.8144944 2.9499998 
0.81626916 0.94552565 1.19 
-0.666203 -0.3835063 5.16 
0.56195164 -0.22599244 2.78 
0.081269026 -0.35206795 1.12 
0.57243085 -0.53538394 2.9499998 
0.19221783 -0.8601613 1.12 
0.19221783 -0.8601613 1.12 
0.23465681 -0.727921 1.12 
0.60857844 0.7169206 1.19 
-0.9987445 0.9899671 5.2 
-0.026417494 0.0047171116 5.2 
0.74975014 0.09487152 1.69 
0.74975014 0.09487152 1.69 
0.74975014 0.09487152 1.69 
0.74975014 0.09487152 1.69 
0.74975014 0.09487152 1.69 
0.3714037 0.23954344 3.54 
0.91082144 0.5956085 3.54 
0.121620655 0.24575758 0.96000004 
0.121620655 0.24575758 0.96000004 
-0.13995957 -0.8657417 5.2400002 
0.04135132 -0.14193225 1.12 
0.9861162 -0.9235923 2.9499998 
0.35931945 0.8892541 0.96000004 
0.8324299 0.32329607 1.69 
0.8324299 0.32329607 1.69 
0.38895798 -0.7707031 2.9499998 
0.45058894 0.81411433 2.58 
0.12425709 -0.9341953 1.12 
0.6654 -0.97292423 2.9499998 
-0.4782784 0.059913397 5.2 
0.35383725 0.33478117 3.62 
0.74523234 -0.60808086 2.9499998 
0.11907244 -0.05224943 2.78 
0.78712463 -0.79458284 2.9499998 
0.99346113 0.8410375 3.62 
0.7655189 0.8901744 1.19 
0.86905456 -0.7240255 2.9499998 
-0.3017757 -0.23988271 5.22 
-0.5678401 -0.69738626 5.22 
0.7174313 -0.6312983 2.9499998 
-0.88286614 -0.84268165 5.22 
-0.21994162 -0.4602666 5.3 
0.87482715 -0.21988368 2.78 
0.7242489 0.82356405 1.19 
0.7242489 0.82356405 1.19 
-0.71838284 -0.066655874 5.16 
0.67997456 -0.46333575 2.9499998 
0.21740651 0.16334629 3.62 
0.21740651 0.16334629 3.62 
-0.05912447 0.91782284 5.2 
-0.83211184 0.5356562 5.2 
-0.7729907 0.51471496 5.2 
0.04307866 0.7886789 5.3399997 
-0.64603186 0.1584127 5.2 
-0.80097127 -0.8508911 5.22 
-0.12577724 -0.5665262 5.3800006 
0.57094836 -0.5266664 2.9499998 
0.9314058 -0.29856515 2.78 
-0.9426496 -0.7525022 5.22 
-0.9537122 -0.50451064 5.16 
0.7979491 0.4953723 3.54 
0.7979491 0.4953723 3.54 
-0.9066365 -0.5936887 5.16 
0.36779976 0.59765697 2.58 
-0.556134 -0.70995927 5.22 
-0.81144404 0.6226988 5.2 
0.73233986 -0.64168143 2.9499998 
-0.79802704 -0.32286334 5.16 
0.61428404 -0.69241714 2.9499998 
0.61428404 -0.69241714 2.9499998 
0.61428404 -0.69241714 2.9499998 
-0.8972244 0.47660685 5.2 
0.50322175 0.76606536 2.58 
0.72342515 0.22577262 1.69 
0.15315294 -0.12610245 2.9499998 
0.9973068 -0.39234662 2.78 
0.31617618 0.12120366 1.69 
-0.4740944 0.9478924 5.2 
-0.7091241 0.7687924 5.2 
0.6017852 -0.36285233 2.78 
0.38398504 0.12551236 1.69 
0.38398504 0.12551236 1.69 
0.38398504 0.12551236 1.69 
-0.4655156 -0.6831198 5.22 
0.54082155 -0.13591385 2.78 
0.18021679 0.19795728 1.19 
-0.11570382 0.42714596 5.2 
-0.50576854 -0.49158287 5.22 
0.08137369 -0.9100535 2.97 
0.55878067 -0.02001357 2.78 
0.9672322 -0.02991414 2.78 
0.6372547 0.12981367 1.69 
-0.5893035 0.7019572 5.2 
0.18698192 0.75742316 2.4 
-0.2083044 0.94496965 5.2 
0.27182722 -0.9192579 1.12 
0.09870911 0.5969815 2.4 
-0.52299356 0.04258585 5.2 
-0.823411 -0.17680788 5.16 
-0.053533792 0.04248905 5.2 
-0.6448984 -0.3806286 5.16 
-0.67978644 -0.52966595 5.22 
0.12614298 -0.26100993 1.12 
0.13796568 -0.85211325 1.12 
0.13796568 -0.85211325 1.12 
-0.1457789 -0.95531106 5.2400002 
-0.7710967 0.89074445 5.2 
-0.8478167 -0.19468927 5.16 
0.6995845 -0.87909746 2.9499998 
0.6995845 -0.87909746 2.9499998 
0.67274094 -0.82370496 2.9499998 
0.67274094 -0.82370496 2.9499998 
0.26043463 -0.9311929 1.12 
0.26043463 -0.9311929 1.12 
0.26043463 -0.9311929 1.12 
0.90673447 0.22512579 1.69 
0.9702027 -0.7733414 2.9499998 
0.032910585 0.20248222 2.4 
0.53544235 -0.77237415 2.9499998 
-0.7752433 -0.12512183 5.16 
0.9137411 -0.24160647 2.78 
0.9137411 -0.24160647 2.78 
0.28208065 -0.8571296 1.12 
0.28208065 -0.8571296 1.12 
-0.25625658 -0.3687222 5.22 
0.0030784607 -0.34194207 2.97 
-0.70928335 0.71955395 5.2 
-0.57833076 0.33810425 5.2 
0.9445386 -0.5474856 2.78 
0.49966812 -0.91663575 2.9499998 
-0.6278677 0.12738204 5.2 
0.12777781 -0.86614203 1.12 
0.12777781 -0.86614203 1.12 
0.34627557 -0.059984684 2.78 
0.34627557 -0.059984684 2.78 
-0.23635721 0.6373806 5.2 
-0.09559393 0.056334972 5.2 
0.075110674 -0.1405108 2.9499998 
-0.80135274 0.81441164 5.2 
0.5461538 0.43205714 3.62 
0.5461538 0.43205714 3.62 
0.78320956 -0.26830792 2.78 
0.6218281 -0.1514659 2.78 
0.22545981 0.08440757 1.69 
0.35371876 0.6078756 2.58 
0.35371876 0.6078756 2.58 
0.35824347 -0.7476945 1.12 
0.88021374 0.90046597 1.19 
0.88021374 0.90046597 1.19 
0.24826503 -0.8231852 1.12 
0.51980495 -0.5896592 2.9499998 
0.37209988 0.40921235 1.19 
-0.6363156 0.86242676 5.2 
-0.30506182 -0.13746095 5.16 
-0.46742725 0.90618587 5.2 
0.8867078 -0.03330636 2.78 
-0.52291465 0.839277 5.2 
-0.46513677 -0.7636447 5.22 
-0.5367949 -0.091662884 5.16 
0.2513399 -0.046826124 2.78 
0.8325572 -0.036384583 2.78 
0.8325572 -0.036384583 2.78 
-0.29781103 -0.647794 5.3 
-0.17017841 -0.27841973 5.22 
0.8361635 -0.76396155 2.9499998 
0.8361635 -0.76396155 2.9499998 
0.8361635 -0.76396155 2.9499998 
0.76064587 0.9921489 1.19 
0.76064587 0.9921489 1.19 
0.76064587 0.9921489 1.19 
0.54089975 0.78009915 2.58 
0.54089975 0.78009915 2.58 
-0.2554705 -0.7186055 5.3 
0.8523636 -0.03439927 2.78 
0.8523636 -0.03439927 2.78 
0.8523636 -0.03439927 2.78 
0.8523636 -0.03439927 2.78 
0.20870543 -0.38569522 2.9499998 
0.052294254 -0.39539933 1.12 
-0.49856043 0.30830097 5.2 
-0.6355593 -0.8151548 5.22 
-0.6523216 0.7934427 5.2 
0.089143276 0.49605513 2.4 
0.38314033 0.7781956 0.96000004 
0.38314033 0.7781956 0.96000004 
0.38314033 0.7781956 0.96000004 
0.8153403 0.100889206 1.69 
0.6699662 -0.76032495 2.9499998 
0.6699662 -0.76032495 2.9499998 
0.8360207 -0.5349455 2.78 
0.37153912 -0.7319081 2.9499998 
0.37153912 -0.7319081 2.9499998 
-0.73782897 -0.9210999 5.22 
-0.34994102 0.28244138 5.2 
0.8483317 0.6711943 3.62 
0.49077392 -0.08090544 2.78 
0.49077392 -0.08090544 2.78 
0.05183482 -0.25532055 1.12 
0.05183482 -0.25532055 1.12 
0.8057685 0.30993676 1.69 
0.8057685 0.30993676 1.69 
0.5847733 0.26059866 1.69 
0.8204894 -0.41248083 2.78 
0.8204894 -0.41248083 2.78 
0.061558485 -0.54274416 1.12 
0.061558485 -0.54274416 1.12 
0.061558485 -0.54274416 1.12 
0.061558485 -0.54274416 1.12 
0.9314532 -0.88021994 2.9499998 
0.9314532 -0.88021994 2.9499998 
0.3669443 -0.23194695 2.78 
-0.6315181 -0.5989709 5.22 
0.6098077 0.10578108 1.69 
0.6098077 0.10578108 1.69 
0.6098077 0.10578108 1.69 
0.21385527 0.0643878 1.69 
0.21385527 0.0643878 1.69 
0.38963532 -0.81465316 1.12 
-0.15045738 0.19271183 5.2 
0.5029199 -0.6945286 2.9499998 
0.5029199 -0.6945286 2.9499998 
-0.8945582 0.09490228 5.2 
0.26140356 0.56038 0.96000004 
0.8182106 0.9698756 1.19 
0.8182106 0.9698756 1.19 
0.8182106 0.9698756 1.19 
0.8182106 0.9698756 1.19 
0.8182106 0.9698756 1.19 
0.95065594 0.07169986 1.69 
0.95065594 0.07169986 1.69 
0.95065594 0.07169986 1.69 
0.95065594 0.07169986 1.69 
0.066866875 0.01812601 1.69 
0.5561869 0.6636617 1.19 
0.5561869 0.6636617 1.19 
0.5561869 0.6636617 1.19 
0.5561869 0.6636617 1.19 
0.5561869 0.6636617 1.19 
0.5108135 0.823112 2.58 
0.08869672 0.8296416 0.9 
0.08869672 0.8296416 0.9 
0.28712535 0.98347473 0.96000004 
0.4402001 0.8906276 0.96000004 
0.4402001 0.8906276 0.96000004 
0.4402001 0.8906276 0.96000004 
0.4402001 0.8906276 0.96000004 
0.4402001 0.8906276 0.96000004 
0.4402001 0.8906276 0.96000004 
0.4402001 0.8906276 0.96000004 
0.4402001 0.8906276 0.96000004 
0.4402001 0.8906276 0.96000004 
0.4402001 0.8906276 0.96000004 
0.4402001 0.8906276 0.96000004 
0.5069032 -0.03369546 2.78 
0.8251412 -0.9100919 2.9499998 
0.8251412 -0.9100919 2.9499998 
-0.63086176 -0.60025907 5.22 
0.5402765 0.8351617 2.58 
0.5402765 0.8351617 2.58 
0.5402765 0.8351617 2.58 
0.4481387 -0.9261546 1.12 
0.46791553 -0.2007544 2.78 
0.7052274 0.08336234 1.69 
0.7052274 0.08336234 1.69 
-0.016670942 -0.9926059 4.94 
0.76327705 -0.10609102 2.78 
0.9576416 0.87249684 3.62 
0.4656675 -0.6096399 2.9499998 
-0.5235081 0.17356324 5.2 
-0.29926753 0.5399194 5.2 
0.073313 0.62937117 0.9 
0.073313 0.62937117 0.9 
0.073313 0.62937117 0.9 
0.073313 0.62937117 0.9 
0.073313 0.62937117 0.9 
0.073313 0.62937117 0.9 
0.073313 0.62937117 0.9 
0.073313 0.62937117 0.9 
0.7721033 -0.650712 2.9499998 
0.7721033 -0.650712 2.9499998 
0.7721033 -0.650712 2.9499998 
0.7721033 -0.650712 2.9499998 
0.77322197 -0.25410032 2.78 
0.77322197 -0.25410032 2.78 
0.53886175 0.6288891 1.19 
0.53886175 0.6288891 1.19 
-0.39625835 -0.8875325 5.3 
0.9662082 0.65919185 3.62 
0.20471191 -0.24534512 2.9499998 
0.5156064 0.98381233 2.58 
0.85728765 0.8204191 3.62 
0.62104535 -0.30799532 2.78 
0.9164343 -0.8372705 2.9499998 
0.5247638 -0.72479486 2.9499998 
0.5247638 -0.72479486 2.9499998 
0.5247638 -0.72479486 2.9499998 
0.5247638 -0.72479486 2.9499998 
-0.85634303 -0.11654115 5.16 
0.5268357 -0.9572737 2.9499998 
0.63639903 0.63612676 3.62 
0.21268415 0.49556184 0.96000004 
0.21268415 0.49556184 0.96000004 
0.032627106 0.30671144 0.9 
0.97706866 -0.7400315 2.9499998 
0.044569254 0.8623028 5.3399997 
-0.5665231 -0.7348337 5.22 
0.8541179 -0.43750834 2.78 
0.21245813 -0.6618314 1.12 
0.21245813 -0.6618314 1.12 
0.21245813 -0.6618314 1.12 
0.21245813 -0.6618314 1.12 
0.21245813 -0.6618314 1.12 
0.4409542 -0.9157424 1.12 
0.4409542 -0.9157424 1.12 
0.06990957 -0.45838857 1.12 
0.06990957 -0.45838857 1.12 
0.06990957 -0.45838857 1.12 
0.06990957 -0.45838857 1.12 
0.4695499 -0.16480541 2.78 
-0.9415846 -0.39027333 5.16 
-0.29880905 0.7697141 5.2 
0.531137 -0.7833493 2.9499998 
0.67302823 0.8260193 1.19 
0.33772445 0.020261288 1.69 
0.3294084 0.49253774 2.58 
0.3294084 0.49253774 2.58 
0.3294084 0.49253774 2.58 
0.3294084 0.49253774 2.58 
0.672704 -0.13073468 2.78 
0.29631877 0.38808703 1.19 
0.29631877 0.38808703 1.19 
0.29631877 0.38808703 1.19 
0.29631877 0.38808703 1.19 
0.29631877 0.38808703 1.19 
0.29631877 0.38808703 1.19 
0.282516 0.7974279 0.96000004 
0.282516 0.7974279 0.96000004 
0.6891315 0.81145024 1.19 
0.6891315 0.81145024 1.19 
0.6891315 0.81145024 1.19 
0.6891315 0.81145024 1.19 
0.6891315 0.81145024 1.19 
0.6891315 0.81145024 1.19 
0.6891315 0.81145024 1.19 
0.922709 -0.061676264 2.78 
-0.8335469 -0.92847085 5.22 
-0.050586462 0.82586527 5.2 
0.063476086 0.91622496 3.2500002 
0.6920817 0.17103839 1.69 
0.0911448 0.25933552 0.96000004 
0.0911448 0.25933552 0.96000004 
0.0911448 0.25933552 0.96000004 
0.0911448 0.25933552 0.96000004 
0.61618805 -0.4206326 2.9499998 
0.24578953 -0.6311548 1.12 
0.24578953 -0.6311548 1.12 
0.24578953 -0.6311548 1.12 
0.24578953 -0.6311548 1.12 
-0.59571433 0.95735145 5.2 
-0.69329095 -0.5947869 5.22 
-0.6877136 0.3104682 5.2 
-0.6848695 -0.42035913 5.16 
0.74001145 0.78044105 1.19 
0.74001145 0.78044105 1.19 
0.74001145 0.78044105 1.19 
0.74001145 0.78044105 1.19 
0.74001145 0.78044105 1.19 
0.74001145 0.78044105 1.19 
0.74001145 0.78044105 1.19 
0.74001145 0.78044105 1.19 
0.74001145 0.78044105 1.19 
0.74001145 0.78044105 1.19 
0.74001145 0.78044105 1.19 
0.74001145 0.78044105 1.19 
0.74001145 0.78044105 1.19 
0.87850404 -0.5429399 2.78 
0.45615077 0.9081199 2.58 
0.9703579 -0.62183666 2.78 
-0.13665438 0.5810387 5.2 
0.3942659 0.8721757 0.96000004 
0.3942659 0.8721757 0.96000004 
0.1810708 -0.005823374 2.78 
0.49176502 -0.9509568 2.9499998 
0.48297358 0.11956215 1.69 
0.48297358 0.11956215 1.69 
0.48297358 0.11956215 1.69 
0.48297358 0.11956215 1.69 
0.48297358 0.11956215 1.69 
0.48297358 0.11956215 1.69 
0.48297358 0.11956215 1.69 
0.48297358 0.11956215 1.69 
0.48297358 0.11956215 1.69 
0.48297358 0.11956215 1.69 
0.48297358 0.11956215 1.69 
0.48297358 0.11956215 1.69 
0.48297358 0.11956215 1.69 
0.48297358 0.11956215 1.69 
0.1570723 -0.535007 1.12 
0.9471209 0.40171814 1.69 
0.9218807 -0.25911283 2.78 
0.9218807 -0.25911283 2.78 
0.9218807 -0.25911283 2.78 
0.45917535 0.80391455 2.58 
0.606848 -0.90919304 2.9499998 
0.606848 -0.90919304 2.9499998 
0.606848 -0.90919304 2.9499998 
-0.3235104 -0.1939168 5.16 
-0.69277 -0.79338527 5.22 
0.58008885 -0.68686223 2.9499998 
0.58008885 -0.68686223 2.9499998 
0.93737936 0.8416023 3.62 
0.93737936 0.8416023 3.62 
0.93737936 0.8416023 3.62 
0.93737936 0.8416023 3.62 
0.93737936 0.8416023 3.62 
-0.65108824 -0.31147075 5.16 
0.7865336 -0.04364562 2.78 
0.7865336 -0.04364562 2.78 
0.7865336 -0.04364562 2.78 
0.28774738 -0.46885562 2.9499998 
0.26928186 -0.71819186 1.12 
0.3104062 0.6571641 0.96000004 
0.3104062 0.6571641 0.96000004 
0.3104062 0.6571641 0.96000004 
0.2589581 0.58825874 0.96000004 
0.71717834 -0.36084557 2.78 
0.71717834 -0.36084557 2.78 
0.9363353 0.4373269 1.69 
0.9363353 0.4373269 1.69 
0.9363353 0.4373269 1.69 
0.9363353 0.4373269 1.69 
0.14574575 0.81692314 2.4 
0.14574575 0.81692314 2.4 
0.14574575 0.81692314 2.4 
0.14574575 0.81692314 2.4 
0.34241557 0.9245696 0.96000004 
0.5125716 0.78570414 2.58 
0.5125716 0.78570414 2.58 
0.11484814 0.1332655 1.19 
0.11484814 0.1332655 1.19 
0.11484814 0.1332655 1.19 
0.11484814 0.1332655 1.19 
0.97520876 0.7719786 3.62 
0.97520876 0.7719786 3.62 
0.97520876 0.7719786 3.62 
0.97520876 0.7719786 3.62 
0.97520876 0.7719786 3.62 
0.80752444 -0.96394277 2.9499998 
0.47797918 -0.546582 2.9499998 
0.019459963 0.30041218 3.2500002 
0.2690773 -0.27521563 2.9499998 
0.2690773 -0.27521563 2.9499998 
0.2690773 -0.27521563 2.9499998 
0.2690773 -0.27521563 2.9499998 
0.2690773 -0.27521563 2.9499998 
0.2690773 -0.27521563 2.9499998 
0.2710731 -0.5703323 1.12 
0.2710731 -0.5703323 1.12 
0.2710731 -0.5703323 1.12 
0.2710731 -0.5703323 1.12 
0.2710731 -0.5703323 1.12 
0.2710731 -0.5703323 1.12 
0.82156825 0.3872249 1.69 
0.82156825 0.3872249 1.69 
0.6066325 -0.02300477 2.78 
0.87552476 0.3715279 1.69 
0.6285534 0.6336696 1.19 
0.6285534 0.6336696 1.19 
0.6285534 0.6336696 1.19 
0.6285534 0.6336696 1.19 
0.6285534 0.6336696 1.19 
0.64927506 0.15366292 1.69 
0.94158864 0.260875 1.69 
0.94158864 0.260875 1.69 
0.96714735 0.66829467 3.62 
0.96714735 0.66829467 3.62 
-0.8469691 0.068011045 5.2 
-0.98056173 0.06068778 5.2 
-0.44736862 -0.4823854 5.22 
0.291996 0.12218356 1.69 
0.7004461 -0.35901046 2.78 
0.9814384 0.38879037 1.69 
0.9814384 0.38879037 1.69 
0.8604164 0.9318085 1.19 
0.7877886 -0.6763315 2.9499998 
0.17950535 -0.41937208 1.12 
0.17950535 -0.41937208 1.12 
0.17950535 -0.41937208 1.12 
0.17950535 -0.41937208 1.12 
0.17950535 -0.41937208 1.12 
0.5540416 0.902483 2.58 
0.5540416 0.902483 2.58 
0.5540416 0.902483 2.58 
0.50330997 -0.9401958 2.9499998 
0.3968315 -0.8547077 1.12 
0.6370876 0.66039634 1.19 
0.6370876 0.66039634 1.19 
0.6370876 0.66039634 1.19 
0.6370876 0.66039634 1.19 
0.6370876 0.66039634 1.19 
0.6370876 0.66039634 1.19 
-0.7320757 -0.19471025 5.16 
-0.7320757 -0.19471025 5.16 
-0.96245074 -0.61745596 5.16 
-0.10722518 0.039361477 5.2 
-0.96401286 0.5432112 5.2 
-0.16304326 0.16661882 5.2 
0.7905805 0.21120954 1.69 
0.7905805 0.21120954 1.69 
0.35430622 0.8549392 0.96000004 
0.35430622 0.8549392 0.96000004 
0.35430622 0.8549392 0.96000004 
0.6299033 0.7779987 1.19 
0.60497856 0.7798929 1.19 
0.60497856 0.7798929 1.19 
0.18428326 -0.9247129 1.12 
0.8816428 -0.38560963 2.78 
0.0722096 -0.11640692 2.9499998 
0.6569681 -0.59167695 2.9499998 
0.89472485 0.6313536 3.62 
0.85738945 0.6947684 3.62 
0.30049658 0.90738964 0.96000004 
0.30049658 0.90738964 0.96000004 
0.30049658 0.90738964 0.96000004 
0.30049658 0.90738964 0.96000004 
0.3405609 -0.78749585 1.12 
0.29901528 0.9433539 0.96000004 
0.29901528 0.9433539 0.96000004 
0.16203547 -0.29973388 2.9499998 
0.16203547 -0.29973388 2.9499998 
0.8713255 -0.31612182 2.78 
0.15714765 0.32137656 0.96000004 
0.15714765 0.32137656 0.96000004 
0.15714765 0.32137656 0.96000004 
0.15714765 0.32137656 0.96000004 
0.15714765 0.32137656 0.96000004 
0.15714765 0.32137656 0.96000004 
0.15714765 0.32137656 0.96000004 
0.15714765 0.32137656 0.96000004 
0.15714765 0.32137656 0.96000004 
0.15714765 0.32137656 0.96000004 
0.15714765 0.32137656 0.96000004 
0.15714765 0.32137656 0.96000004 
0.15714765 0.32137656 0.96000004 
0.15714765 0.32137656 0.96000004 
0.15714765 0.32137656 0.96000004 
0.15714765 0.32137656 0.96000004 
0.15714765 0.32137656 0.96000004 
0.15714765 0.32137656 0.96000004 
0.15714765 0.32137656 0.96000004 
0.15714765 0.32137656 0.96000004 
0.4710176 0.83029675 2.58 
0.4710176 0.83029675 2.58 
0.33809686 -0.73032045 1.12 
0.33809686 -0.73032045 1.12 
0.33809686 -0.73032045 1.12 
0.36398983 0.778337 0.96000004 
0.10009098 -0.36387086 1.12 
0.49958777 0.06846762 1.69 
0.26205063 0.46335435 2.58 
0.26205063 0.46335435 2.58 
0.26205063 0.46335435 2.58 
0.26205063 0.46335435 2.58 
0.26205063 0.46335435 2.58 
0.26205063 0.46335435 2.58 
0.26205063 0.46335435 2.58 
0.26205063 0.46335435 2.58 
0.26205063 0.46335435 2.58 
0.26205063 0.46335435 2.58 
0.77665424 0.87785053 1.19 
0.77665424 0.87785053 1.19 
0.77665424 0.87785053 1.19 
0.77665424 0.87785053 1.19 
0.77665424 0.87785053 1.19 
0.77665424 0.87785053 1.19 
0.69661784 0.720973 1.19 
0.69661784 0.720973 1.19 
0.69661784 0.720973 1.19 
0.69661784 0.720973 1.19 
0.9449127 0.18406105 1.69 
0.99843764 -0.2161045 2.78 
0.99843764 -0.2161045 2.78 
0.7525618 0.15333557 1.69 
0.59908295 -0.25951505 2.78 
0.67733717 -0.24904633 2.78 
0.5054352 0.71097517 2.58 
0.5054352 0.71097517 2.58 
0.37108254 0.057793856 1.69 
0.13165069 0.41078877 0.96000004 
0.13165069 0.41078877 0.96000004 
0.13165069 0.41078877 0.96000004 
0.13165069 0.41078877 0.96000004 
0.2347939 -0.6894727 1.12 
0.2347939 -0.6894727 1.12 
0.2347939 -0.6894727 1.12 
0.2347939 -0.6894727 1.12 
0.2347939 -0.6894727 1.12 
0.2347939 -0.6894727 1.12 
0.2347939 -0.6894727 1.12 
0.2347939 -0.6894727 1.12 
0.2347939 -0.6894727 1.12 
0.2347939 -0.6894727 1.12 
0.2347939 -0.6894727 1.12 
0.2347939 -0.6894727 1.12 
0.2347939 -0.6894727 1.12 
0.2347939 -0.6894727 1.12 
0.2347939 -0.6894727 1.12 
0.2347939 -0.6894727 1.12 
0.2347939 -0.6894727 1.12 
0.2347939 -0.6894727 1.12 
0.2347939 -0.6894727 1.12 
0.2347939 -0.6894727 1.12 
0.2347939 -0.6894727 1.12 
0.2347939 -0.6894727 1.12 
0.3918171 -0.87068605 1.12 
0.3918171 -0.87068605 1.12 
0.58662796 0.759572 1.19 
0.58662796 0.759572 1.19 
0.58662796 0.759572 1.19 
0.58662796 0.759572 1.19 
0.58662796 0.759572 1.19 
0.58662796 0.759572 1.19 
0.9815011 -0.80737853 2.9499998 
0.92527413 -0.6008072 2.78 
0.92527413 -0.6008072 2.78 
0.92527413 -0.6008072 2.78 
0.90360904 -0.7738552 2.9499998 
0.90360904 -0.7738552 2.9499998 
0.90360904 -0.7738552 2.9499998 
0.90360904 -0.7738552 2.9499998 
0.90360904 -0.7738552 2.9499998 
0.90360904 -0.7738552 2.9499998 
0.90360904 -0.7738552 2.9499998 
0.45529914 0.013430595 1.69 
0.45529914 0.013430595 1.69 
0.45529914 0.013430595 1.69 
0.45529914 0.013430595 1.69 
0.45529914 0.013430595 1.69 
0.45529914 0.013430595 1.69 
0.45529914 0.013430595 1.69 
0.45529914 0.013430595 1.69 
0.45529914 0.013430595 1.69 
0.45529914 0.013430595 1.69 
0.11399627 -0.8481877 1.12 
0.11399627 -0.8481877 1.12 
0.11399627 -0.8481877 1.12 
0.11399627 -0.8481877 1.12 
0.11399627 -0.8481877 1.12 
0.11399627 -0.8481877 1.12 
0.11399627 -0.8481877 1.12 
0.11399627 -0.8481877 1.12 
0.11399627 -0.8481877 1.12 
0.11399627 -0.8481877 1.12 
0.11399627 -0.8481877 1.12 
0.11399627 -0.8481877 1.12 
0.11399627 -0.8481877 1.12 
0.11399627 -0.8481877 1.12 
0.23556924 -0.8400674 1.12 
0.23556924 -0.8400674 1.12 
0.23556924 -0.8400674 1.12 
0.2732544 -0.601882 1.12 
0.2732544 -0.601882 1.12 
0.2732544 -0.601882 1.12 
0.2732544 -0.601882 1.12 
0.2732544 -0.601882 1.12 
0.2732544 -0.601882 1.12 
0.2732544 -0.601882 1.12 
0.2732544 -0.601882 1.12 
0.2732544 -0.601882 1.12 
0.42492676 0.55389833 1.19 
0.42492676 0.55389833 1.19 
0.42492676 0.55389833 1.19 
0.7367184 -0.16664529 2.78 
0.7367184 -0.16664529 2.78 
0.7367184 -0.16664529 2.78 
0.326159 -0.1755073 2.78 
0.326159 -0.1755073 2.78 
0.326159 -0.1755073 2.78 
0.326159 -0.1755073 2.78 
0.326159 -0.1755073 2.78 
0.326159 -0.1755073 2.78 
0.12051225 0.90424466 2.73 
0.12051225 0.90424466 2.73 
0.12051225 0.90424466 2.73 
0.34332228 0.48874545 2.58 
0.34332228 0.48874545 2.58 
0.34332228 0.48874545 2.58 
0.34332228 0.48874545 2.58 
0.34332228 0.48874545 2.58 
0.34332228 0.48874545 2.58 
0.05014801 0.37756133 2.73 
0.20510101 0.3309188 2.58 
0.20510101 0.3309188 2.58 
0.45155835 -0.36336732 2.9499998 
0.45155835 -0.36336732 2.9499998 
0.14453864 -0.6006353 1.12 
0.83952045 0.9776366 1.19 
0.83952045 0.9776366 1.19 
0.83952045 0.9776366 1.19 
0.83952045 0.9776366 1.19 
0.20803809 0.7068918 0.96000004 
0.20803809 0.7068918 0.96000004 
0.20803809 0.7068918 0.96000004 
0.20803809 0.7068918 0.96000004 
0.20803809 0.7068918 0.96000004 
0.10613847 0.39392924 0.96000004 
0.10613847 0.39392924 0.96000004 
0.10613847 0.39392924 0.96000004 
0.65865564 -0.501245 2.9499998 
0.5351529 -0.2460835 2.78 
0.46538973 0.56249976 1.19 
0.46538973 0.56249976 1.19 
0.46538973 0.56249976 1.19 
0.9158697 0.0033717155 1.69 
0.9158697 0.0033717155 1.69 
0.9158697 0.0033717155 1.69 
0.9158697 0.0033717155 1.69 
0.9158697 0.0033717155 1.69 
0.9158697 0.0033717155 1.69 
0.955369 -0.11773825 2.78 
0.955369 -0.11773825 2.78 
0.955369 -0.11773825 2.78 
0.955369 -0.11773825 2.78 
0.955369 -0.11773825 2.78 
0.955369 -0.11773825 2.78 
0.69563437 -0.23753548 2.78 
0.08077121 -0.5984218 1.12 
0.08077121 -0.5984218 1.12
